2174.47010049 17262.0914351 65.7344397371 2226.77686148 17296.1794204 62.7513740797
2063.68899733 16616.8104716 379.213943077 2041.11680975 16644.2079937 341.667466963
1244.79009909 16904.9967272 -630.839077016 1226.67505962 16900.6505118 -534.962521417
2030.99159339 16764.5701742 867.931433693 2016.87798989 16790.4364158 863.968898748
2212.00573633 17466.8582358 429.907758136 2179.05144096 17439.6517690 446.966993138
1916.96253130 17720.0194156 1659.20123969 1904.02377301 17734.8261936 1634.46168985
1970.75818881 17967.9084994 670.330059461 1955.15474848 17955.0432231 704.645695586
2204.02466098 17480.8302446 434.212777047 2230.75797367 17502.9815888 425.478224399
2887.80897043 17653.7206017 585.243230902 2861.22504116 17694.1121213 551.997991304
1257.71706021 16935.1403273 -625.083324375 1275.63535545 16943.0615807 -687.225627012
3419.42872863 16296.8098259 -339.099288969 3404.65239452 16277.0726011 -387.625986821
2737.26086907 16224.8558722 -397.887102379 2763.18708652 16234.7573156 -382.008270123
2763.18708652 16234.7573156 -382.008270123 2737.26086907 16224.8558722 -397.887102379
2525.93079170 16318.1537361 -9.97611605954 2534.05214128 16318.5862031 -63.0388296341
2226.77686148 17296.1794204 62.7513740797 2174.47010049 17262.0914351 65.7344397371
1275.63535545 16943.0615807 -687.225627012 1257.71706021 16935.1403273 -625.083324375
1233.38454719 16459.2833849 -446.870025456 1201.35233287 16487.8000910 -431.126106325
1201.35233287 16487.8000910 -431.126106325 1233.38454719 16459.2833849 -446.870025456
1233.38454719 16459.2833849 -446.870025456 1268.19069292 16431.8304819 -427.198596029
2417.90063261 16283.4201577 24.6301122984 2445.84141448 16288.2170036 -12.1540394372
2525.93079170 16318.1537361 -9.97611605954 2476.77029247 16298.8739085 -10.6027531591
3118.79540442 17128.3965235 54.3848894155 3134.73535194 17119.0620277 62.0584771262
3404.65239452 16277.0726011 -387.625986821 3419.42872863 16296.8098259 -339.099288969
3134.73535194 17119.0620277 62.0584771262 3118.79540442 17128.3965235 54.3848894155
2762.79012182 17081.5163190 408.856306365 2745.33509362 17071.6299934 371.481197787
2053.61157063 16642.4239553 1371.95439814 2050.86776984 16637.1533854 1326.10383370
2016.87798989 16790.4364158 863.968898748 2030.99159339 16764.5701742 867.931433693
2041.11680975 16644.2079937 341.667466963 2063.68899733 16616.8104716 379.213943077
2445.84141448 16288.2170036 -12.1540394372 2417.90063261 16283.4201577 24.6301122984
2681.42393195 16507.1087328 915.103369644 2709.35361511 16548.1994196 896.307037435
2745.33509362 17071.6299934 371.481197787 2762.79012182 17081.5163190 408.856306365
2861.22504116 17694.1121213 551.997991304 2887.80897043 17653.7206017 585.243230902
3019.40263693 17922.0648340 1082.10280498 3021.44289664 17918.4187395 1029.74353552
2476.77029247 16298.8739085 -10.6027531591 2525.93079170 16318.1537361 -9.97611605954
2709.35361511 16548.1994196 896.307037435 2681.42393195 16507.1087328 915.103369644
2671.33901833 16463.8221003 1162.41815366 2684.83232583 16480.2364317 1157.81450309
2730.96539965 16512.9305444 1245.16229377 2709.52193908 16485.9119753 1254.43492684
2522.62699660 16546.2930364 1723.37282411 2547.55281281 16549.5259017 1708.41994418
1972.15033639 17984.5047918 677.773050693 1970.75818881 17967.9084994 670.330059461
2230.75797367 17502.9815888 425.478224399 2204.02466098 17480.8302446 434.212777047
2226.77686148 17296.1794204 62.7513740797 2229.84299343 17261.8555644 121.485133655
2072.95186404 16602.6537351 1365.36095166 2053.61157063 16642.4239553 1371.95439814
2031.35281642 16710.4782044 1486.43900328 2016.77596309 16723.0418046 1447.43275171
1904.02377301 17734.8261936 1634.46168985 1916.96253130 17720.0194156 1659.20123969
2282.49899893 17986.9254872 1870.85873562 2248.28903668 17983.8324351 1856.11791017
1970.75818881 17967.9084994 670.330059461 1972.15033639 17984.5047918 677.773050693
2568.10053848 18300.2369990 1350.95390886 2525.13315122 18310.3517198 1357.06325123
2352.55520692 18046.3633965 1824.33113407 2347.25276780 18055.1106295 1809.03327523
2282.49899893 17986.9254872 1870.85873562 2284.53009308 18013.6514967 1844.86415830
2525.13315122 18310.3517198 1357.06325123 2568.10053848 18300.2369990 1350.95390886
3021.44289664 17918.4187395 1029.74353552 3019.40263693 17922.0648340 1082.10280498
2974.01207778 17254.3194666 1537.28380121 2986.02558571 17270.8282961 1493.49561719
2347.25276780 18055.1106295 1809.03327523 2352.55520692 18046.3633965 1824.33113407
2986.02558571 17270.8282961 1493.49561719 2974.01207778 17254.3194666 1537.28380121
2938.66347440 16904.3362765 1474.80448463 2946.31342825 16934.4643205 1472.99299040
2709.52193908 16485.9119753 1254.43492684 2730.96539965 16512.9305444 1245.16229377
2946.31342825 16934.4643205 1472.99299040 2938.66347440 16904.3362765 1474.80448463
2438.60529250 16941.9055358 1956.26745705 2498.27605671 16951.0877825 1932.83738845
2284.53009308 18013.6514967 1844.86415830 2282.49899893 17986.9254872 1870.85873562
2405.96425360 16943.6316035 1955.83430163 2432.62394643 16956.9755491 1952.41444815
2432.62394643 16956.9755491 1952.41444815 2405.96425360 16943.6316035 1955.83430163
2244.20960275 16842.4800716 1805.67071596 2228.97672098 16848.1157463 1801.17969922
2016.77596309 16723.0418046 1447.43275171 2031.35281642 16710.4782044 1486.43900328
2228.97672098 16848.1157463 1801.17969922 2244.20960275 16842.4800716 1805.67071596
2547.55281281 16549.5259017 1708.41994418 2522.62699660 16546.2930364 1723.37282411
2373.44109098 16262.4136632 1567.68213628 2383.64772641 16274.2655974 1596.76122743
2684.83232583 16480.2364317 1157.81450309 2671.33901833 16463.8221003 1162.41815366
2383.64772641 16274.2655974 1596.76122743 2373.44109098 16262.4136632 1567.68213628
2053.61157063 16642.4239553 1371.95439814 2072.95186404 16602.6537351 1365.36095166